025 008 97.3
025 009 97.4
025 010 97.6
025 011 97.5
025 012 97.7
025 013 97.4
025 014 97.5
025 015 97.4
025 016 97.6
025 017 97.5
025 018 97.7
025 019 97.6
025 020 97.8
025 021 97.6
025 022 97.6
025 023 97.7
025 024 97.9
026 008 97.5
026 009 97.4
026 010 97.7
026 011 97.6
026 012 97.7
026 013 97.8
026 014 97.6
026 015 97.6
026 016 97.8
026 017 97.7
026 018 97.6
026 019 97.8
026 020 97.9
026 021 97.8
026 022 97.7
026 023 97.9
026 024 97.8
027 008 97.5
027 009 97.6
027 010 97.8
027 011 97.6
027 012 97.8
027 013 97.7
027 014 97.6
027 015 97.6
027 016 97.6
027 017 97.6
027 018 97.6
027 019 97.7
027 020 97.8
027 021 97.8
027 022 97.6
027 023 97.7
027 024 97.7
028 008 97.5
028 009 97.5
028 010 97.6
028 011 97.5
028 012 97.9
028 013 97.5
028 014 97.7
028 015 97.7
028 016 97.6
028 017 97.9
028 018 97.8
028 019 97.8
028 020 97.8
028 021 97.7
028 022 97.6
028 023 97.7
028 024 97.6
029 008 97.5
029 009 97.5
029 010 97.8
029 011 97.8
029 012 97.8
029 013 97.7
029 014 97.8
029 015 97.8
029 016 97.7
029 017 97.8
029 018 97.7
029 019 97.7
029 020 97.7
029 021 97.7
029 022 97.8
029 023 97.8
029 024 97.9
030 008 97.6
030 009 97.7
030 010 97.7
030 011 97.8
030 012 97.5
030 013 97.8
030 014 97.7
030 015 97.7
030 016 97.7
030 017 97.9
030 018 97.8
030 019 97.7
030 020 97.7
030 021 97.7
030 022 97.5
030 023 97.8
030 024 97.7
031 008 97.6
031 009 97.6
031 010 97.6
031 011 97.8
031 012 97.9
031 013 97.9
031 014 97.8
031 015 97.9
031 016 97.9
031 017 97.9
031 018 97.9
031 019 97.9
031 020 97.8
031 021 97.8
031 022 97.5
031 023 97.8
031 024 97.9
032 008 97.6
032 009 97.9
032 010 97.8
032 011 97.9
032 012 97.9
032 013 97.8
032 014 97.8
032 015 97.6
032 016 97.9
032 017 97.7
032 018 97.7
032 019 97.8
032 020 97.7
032 021 97.7
032 022 97.8
032 023 97.9
032 024 97.7
033 008 97.7
033 009 97.8
033 010 97.8
033 011 97.7
033 012 97.8
033 013 97.9
033 014 97.8
033 015 97.5
033 016 97.9
033 017 97.6
033 018 97.7
033 019 97.8
033 020 97.8
033 021 97.7
033 022 97.9
033 023 97.8
033 024 97.8
034 008 97.8
034 009 97.8
034 010 98.0
034 011 97.6
034 012 97.7
034 013 97.7
034 014 97.8
034 015 97.8
034 016 97.7
034 017 97.8
034 018 97.8
034 019 97.7
034 020 97.9
034 021 97.8
034 022 97.9
034 023 97.7
034 024 97.6
035 008 97.7
035 009 97.8
035 010 97.8
035 011 97.8
035 012 97.6
035 013 97.8
035 014 97.7
035 015 97.7
035 016 97.8
035 017 97.8
035 018 97.7
035 019 97.7
035 020 97.7
035 021 97.9
035 022 97.9
035 023 97.7
035 024 97.7
